10155;4,362903986
10387;3,843120961
10683;5,830565654
10801;2,27081927
10851;2,042023386
10905;2,803971146
11087;3,186547563
11218;3,328240382
11313;3,708232339
11469;1,89654995
11602;2,523132522
12267;3,929125791
12715;2,729185105
12801;3,759382788
12815;3,518842789
12853;2,185096861
14159;2,937038971
14466;4,370193722
14796;4,513516668
15062;4,655846137
15147;3,181549054
15652;2,898858568
15655;2,781174255
16214;3,11072669
16334;3,131125116
16843;2,809641468
17066;4,351946487
17289;3,509785263
17738;4,021211536
18213;3,634537148
19275;1,810688219
19503;2,904343641
19554;4,187943974
19651;3,80984656
19814;2,746624165
19862;3,52787706
20320;4,001373174
20348;4,16889911
20360;3,221319961
20598;1,156244577
20701;4,348287851
20844;3,67806609
21263;4,807213095
21827;6,231677632
22486;3,161475989
22661;4,517041477
23225;3,14633715
23264;1,625414426
23440;3,784698783
23461;1,635176762
24006;2,670232471
24472;4,727087265
24549;4,969994685
24921;4,252058506
25223;0,756939757
25229;3,953354956
25679;1,085240332
27124;2,964009592
27424;1,879691394
28267;3,750906153
28364;6,350579704
28508;3,90066822
31928;4,723719194
32751;1,65452864
32879;1,871205159
33625;4,813830046
34478;5,720337079
34649;4,406461512
34921;3,027759026
36526;3,454941495
37948;4,607740163
38788;1,748077489
39585;4,807213095
39989;4,099605102
40695;1,323141857
41153;5,370183953
43311;5,605103546
48866;3,703937917
52791;4,478115991
55832;5,10895397
57300;4,642152442
66219;4,77065581
69017;3,554842118
78875;5,655982988
79775;5,737006382
81515;5,046265044
91638;4,733816218
105763;3,022497929
